czr005_edge_score_v1
feature_dim 13
hidden_dim 16
b2 1.1080096216553486e-17
w1
0.40073537752927885 0.026277496205041311 -0.60002264308143982 0.10070800155099258 -4.4368150980129037 0.88599059945229575 2.0321618952677691 -0.22823144032553441 -0.18433547410631426 1.4416113731545646 -0.25414302244931569 0.44511104648414851 -1.9985783205182883 -0.51070733474824459 0.18295050844071875 -3.3519572487066807
-0.412777033600145 -0.22415353409017105 0.45855950116485322 -0.070125955615723615 3.5792650367153342 0.33350750761008785 -2.3918675200781858 0.72882137059208418 0.15252378694357671 -1.8083538530752075 0.2272045812653328 -0.1719271226731876 0.079455074157823435 0.48893222649854579 0.13658138307383164 1.6652591948907074
0.036449567825728592 1.3500484184670687 0.38644831950143993 0.15153195338760161 -3.2930804828763738 -1.3179811114756588 2.1442235758178074 -0.86953720331285667 0.26322734335043035 1.2844454608233613 1.1271517026925084 -0.19201958322360005 -0.72600919632960015 -0.26226853650477194 -0.22603869496444171 -1.0596790485386951
-0.087797455981294362 -0.6149329428916589 -0.11816099138254273 -0.033864743220251438 -0.32226595882262427 0.72288635724507 -0.12600135762491768 0.28372515554185995 -0.13882535268756829 0.32914395832286236 -0.45607955442555742 0.24049327089018915 -1.3063598859359036 0.050212235641787811 0.30103250365166057 -1.0313729355564261
0.073041815659146275 -0.10120203169450279 -0.17418492353187515 0.064955783832056163 -0.11041992046537843 -0.051322007785827614 0.019488286453245771 0.13629370045544653 0.0036335672857072607 -0.098293988716040587 0.030125042180764335 0.16947456096589131 -0.28189654151886889 -0.013992688040127961 -0.022045582235154473 -0.16355924930799559
1.0683883441417681 0.98370252375726575 -1.3318796964207893 0.28685614766254353 10.568545277038544 6.7125438431583531 -5.1370715253138757 -1.6036977699081441 0.21104074315450355 -3.6839759844475526 0.17189964453763598 0.78799396961429224 12.046272233363119 -1.5031955398835242 0.65385055298178418 4.1180377651163953
-0.19172578821001626 0.070312275690460904 -0.10801142600505731 -0.063420589560770846 -0.015196210203525375 -0.097370010316321309 0.032465661746296684 -0.014028746248524614 0.074958524190178691 0.079990752352097141 -0.079564245468474917 0.15559155271222078 0.041400493987768405 0.019224037752439221 -0.065824584394095387 -0.083095944610236214
0.79164460198396303 0.37504452167984959 -0.97419679497241962 0.61990917892296205 0.6941709729997283 -1.6390938975187761 -1.1042597061247337 -0.62407436164921504 0.52529607230011643 -0.61139448295375032 0.46203792224288581 0.69678514219203913 1.3169622609125307 -0.76013569498711731 0.62058176090829298 0.77804163067472043
0.31614148700498684 0.54702204286310618 -0.34539304633296936 0.21609566612834591 4.6100883009490037 -1.3038752777511662 -1.9094398570786009 -0.60046538886285794 0.27690632756181804 -0.96633629028948953 0.22375614234093108 0.33045602225802168 2.4397144858392554 -0.46108888538031934 -0.08543499407387177 1.3918852432344999
0.035148867034515321 -0.57886427969708976 -0.17068944419936904 0.092220212706179291 4.421164124035073 1.1611127228559497 -4.1199925217762159 -0.082426952632506767 -0.20912283663610756 -2.2291564158758086 -0.52226705260009565 0.23042267171742531 -1.4753768423565283 -0.039498386002029547 0.0033428268137638455 0.32689484101187705
-0.021454700719736493 -0.4004659429120328 -0.16320851634468389 0.018955017764725694 0.61227749609585935 0.57848132283330767 -0.64001844103873406 0.25297678552361375 -0.14264957460134572 -0.48741031069945362 -0.28712064257216019 0.12170105751590073 -0.37137940530333707 0.090525390439398598 0.18094441173725254 -0.24321952696832996
-0.10241203666825915 0.03945148411350094 -0.054426311823493181 -0.0037508165654654645 0.023382754901644178 -0.014002990049266844 0.065063714565575387 0.014735149008423187 0.048530250712278365 0.060257197118619849 -0.059461389814505224 -0.052884997917205474 0.069871344914484365 -0.013441551062464689 0.20835437564766815 -0.082872554369262497
-0.18965699479736808 -0.68690448846371488 0.074524389236356015 0.029926507237040059 -0.35228703736105949 0.86446045086920675 -0.00096935292075556439 0.30835402018278174 -0.19596126955853219 0.35576185137630367 -0.46400719758361458 0.12044848730644671 -1.3894997120656114 0.050952296309633285 0.37208834525085471 -1.0541801868239915
b1
0.13074133151687661 -0.21951886213364299 -0.15831084100861084 0.16251808143808213 -0.74617632435823555 0.89138050414323711 -0.16514647786453804 0.30685304258990154 0.1273807238456342 -0.31538164982971212 -0.04809144837026464 0.21107472438381716 -2.0008294695415993 0.11411946706134921 0.40300642119822305 -1.6554826971171923
w2
0.76730747612046213 1.1403397992720747 -0.94457111527231752 0.42163254443386583 -4.6481133796166754 -4.3226894710906896 3.113709351076368 -1.212018994931273 0.1579144317724509 2.3849256230554392 0.5586543350968951 0.58941065513986268 5.3706059700349051 -1.0095029421927808 0.22269845234442903 4.0285447841685711
