1 0 6 8
2 1 7 12
3 2 9 9
4 3 16 4
5 4 17 9
6 5 19 4
7 6 8 7
8 6 12 25
9 7 8 4
10 8 11 8
11 9 7 7
12 9 10 20
13 10 15 36
14 11 13 28
15 11 14 32
16 12 13 10
17 13 23 8
18 14 46 4
19 15 14 4
20 16 17 9
21 16 21 57
22 17 18 4
23 18 22 21
24 19 18 7
25 19 25 35
26 20 10 7
27 20 21 35
28 21 23 12
29 22 24 26
30 22 26 17
31 23 24 4
32 24 27 4
33 25 26 8
34 26 43 4
35 27 28 27
36 27 45 16
37 28 29 13
38 28 47 10
39 29 30 6
40 30 31 4
41 31 32 4
42 31 43 40
43 32 33 28
44 32 37 37
45 33 34 22
46 33 44 24
47 34 12 29
48 34 35 19
49 35 51 10
50 36 38 32
51 36 44 19
52 37 49 290
53 38 37 32
54 38 39 21
55 39 40 14
56 39 47 10
57 40 41 4
58 41 42 26
59 41 45 24
60 42 25 10
61 42 30 33
62 43 15 8
63 44 50 370
64 45 48 450
65 46 35 27
66 46 36 37
67 52 29 10
68 52 40 10
69 53 20 10