54 1.0 0 4 
0 1 0 0 30 6 
1 1 0 0 37 7 
2 1 0 0 44 9 
3 1 0 0 55 16 
4 1 0 0 62 17 
5 1 0 0 69 19 
6 4 1 12 30 8 12 
7 5 1 8 37 8 
8 5 1 12 37 11 
9 4 1 8 44 7 10 
10 5 1 16 44 15 
11 4 1 20 37 13 14 
12 5 1 36 30 13 
13 5 1 36 37 23 
14 5 1 40 35 46 
15 5 1 40 42 14 
16 4 1 5 55 17 21 
17 5 1 5 62 18 
18 5 1 9 62 22 
19 4 1 9 69 18 25 
20 4 1 16 50 10 21 
21 5 1 16 55 23 
22 4 1 16 62 24 26 
23 5 1 36 55 24 
24 5 1 36 62 27 
25 5 1 40 69 26 
26 5 1 40 61 43 
27 4 1 36 84 28 45 
28 4 1 48 84 29 47 
29 5 1 48 80 30 
30 5 1 48 75 31 
31 4 1 48 57 32 43 
32 4 1 48 53 33 37 
33 4 1 48 17 34 44 
34 4 1 36 17 12 35 
35 5 1 29 32 51 
36 4 1 45 21 38 44 
37 5 1 54 48 49 
38 4 1 52 53 37 39 
39 4 1 52 70 40 47 
40 5 1 52 79 41 
41 4 1 52 82 42 45 
42 4 1 40 82 25 30 
43 5 1 40 57 15 
44 5 1 45 6 50 
45 5 1 45 95 48 
46 4 1 40 32 35 36 
47 2 0 64 70 
48 2 0 45 104 
49 2 0 64 48 
50 2 0 45 0 
51 2 0 0 48 
52 1 0 64 79 29 40 
53 1 0 0 50 20 
10000 10000 10000 10000 10000 10000 8 10000 15 10000 10000 23 33 43 55 157 10000 10000 10000 10000 10000 10000 10000 51 55 203 211 59 86 99 105 109 113 141 163 86 96 150 128 149 163 167 193 149 115 75 59 96 85 160 125 96 10000 10000
10000 10000 10000 10000 10000 10000 10000 12 16 10000 10000 24 201 52 56 166 10000 10000 10000 10000 10000 10000 10000 60 64 204 212 68 95 108 114 118 122 150 172 87 97 159 129 150 164 168 194 158 116 84 60 105 94 169 126 97 10000 10000
10000 10000 10000 10000 10000 10000 10000 16 20 9 29 28 205 56 60 65 10000 10000 10000 10000 10000 10000 10000 64 68 208 216 72 99 112 118 122 126 154 176 91 101 163 133 154 168 172 198 162 120 88 64 109 98 173 130 101 10000 10000
10000 10000 10000 10000 10000 10000 10000 10000 10000 10000 10000 10000 201 211 71 67 4 13 17 10000 10000 61 38 73 64 219 55 68 95 108 114 118 122 150 172 102 112 159 144 165 179 183 209 59 131 84 75 105 94 169 141 112 10000 10000
10000 10000 10000 10000 10000 10000 10000 10000 10000 10000 10000 10000 197 207 67 63 10000 9 13 10000 10000 10000 34 215 60 215 51 64 91 104 110 114 118 146 168 98 108 155 140 161 175 179 205 55 127 80 71 101 90 165 137 108 10000 10000
10000 10000 10000 10000 10000 10000 10000 10000 10000 10000 10000 10000 195 205 63 59 10000 10000 11 4 10000 10000 32 213 58 39 47 62 89 102 108 112 116 144 166 94 104 153 136 157 171 175 201 51 123 78 67 99 88 163 133 104 10000 10000
10000 10000 10000 10000 10000 10000 10000 10000 7 10000 10000 15 25 35 47 149 10000 10000 10000 10000 10000 10000 10000 43 47 195 203 51 78 91 97 101 105 133 155 78 88 142 120 141 155 159 185 141 107 67 51 88 77 152 117 88 10000 10000
10000 10000 10000 10000 10000 10000 10000 10000 4 10000 10000 12 189 40 44 154 10000 10000 10000 10000 10000 10000 10000 48 52 192 200 56 83 96 102 106 110 138 160 75 85 147 117 138 152 156 182 146 104 72 48 93 82 157 114 85 10000 10000
10000 10000 10000 10000 10000 10000 10000 10000 10000 10000 10000 8 185 36 40 150 10000 10000 10000 10000 10000 10000 10000 44 48 188 196 52 79 92 98 102 106 134 156 71 81 143 113 134 148 152 178 142 100 68 44 89 78 153 110 81 10000 10000
10000 10000 10000 10000 10000 10000 10000 7 11 10000 20 19 196 47 51 56 10000 10000 10000 10000 10000 10000 10000 55 59 199 207 63 90 103 109 113 117 145 167 82 92 154 124 145 159 163 189 153 111 79 55 100 89 164 121 92 10000 10000
10000 10000 10000 10000 10000 10000 10000 10000 10000 10000 10000 10000 298 308 40 36 10000 10000 10000 10000 10000 10000 10000 316 320 188 196 324 351 364 211 215 219 247 269 71 81 145 113 134 148 152 178 200 100 176 44 144 186 155 110 81 10000 10000
10000 10000 10000 10000 10000 10000 10000 10000 10000 10000 10000 10000 177 28 32 142 10000 10000 10000 10000 10000 10000 10000 36 40 180 188 44 71 84 90 94 98 126 148 63 73 135 105 126 140 144 170 134 92 60 36 81 70 145 102 73 10000 10000
10000 10000 10000 10000 10000 10000 10000 10000 10000 10000 10000 10000 10000 10 128 124 10000 10000 10000 10000 10000 10000 10000 18 22 276 284 26 53 66 72 76 80 108 130 149 169 117 201 222 236 240 266 116 132 42 132 63 52 127 142 159 10000 10000
10000 10000 10000 10000 10000 10000 10000 10000 10000 10000 10000 10000 149 10000 118 114 10000 10000 10000 10000 10000 10000 10000 8 12 266 274 16 43 56 62 66 70 98 120 139 159 107 191 212 226 230 256 106 122 32 122 53 42 117 132 149 10000 10000
10000 10000 10000 10000 10000 10000 10000 10000 10000 10000 10000 10000 258 268 10000 168 10000 10000 10000 10000 10000 10000 10000 276 280 148 156 284 311 324 171 175 179 207 229 31 41 105 73 94 108 112 138 160 60 136 4 104 146 115 70 41 10000 10000
10000 10000 10000 10000 10000 10000 10000 10000 10000 10000 10000 10000 262 272 4 10000 10000 10000 10000 10000 10000 10000 10000 280 284 152 160 288 315 328 175 179 183 211 233 35 45 109 77 98 112 116 142 164 64 140 8 108 150 119 74 45 10000 10000
10000 10000 10000 10000 10000 10000 10000 10000 10000 10000 10000 10000 197 207 67 63 10000 9 13 10000 10000 57 34 69 60 215 51 64 91 104 110 114 118 146 168 98 108 155 140 161 175 179 205 55 127 80 71 101 90 165 137 108 10000 10000
10000 10000 10000 10000 10000 10000 10000 10000 10000 10000 10000 10000 188 198 58 54 10000 10000 4 10000 10000 10000 25 206 51 206 42 55 82 95 101 105 109 137 159 89 99 146 131 152 166 170 196 46 118 71 62 92 81 156 128 99 10000 10000
10000 10000 10000 10000 10000 10000 10000 10000 10000 10000 10000 10000 184 194 54 50 10000 10000 10000 10000 10000 10000 21 202 47 202 38 51 78 91 97 101 105 133 155 85 95 142 127 148 162 166 192 42 114 67 58 88 77 152 124 95 10000 10000
10000 10000 10000 10000 10000 10000 10000 10000 10000 10000 10000 10000 191 201 59 55 10000 10000 7 10000 10000 10000 28 209 54 35 43 58 85 98 104 108 112 140 162 90 100 149 132 153 167 171 197 47 119 74 63 95 84 159 129 100 10000 10000
10000 10000 10000 10000 10000 10000 10000 10000 10000 10000 7 10000 188 198 47 43 10000 10000 10000 10000 10000 35 10000 47 51 195 203 55 82 95 101 105 109 137 159 78 88 146 120 141 155 159 185 145 107 71 51 92 81 156 117 88 10000 10000
10000 10000 10000 10000 10000 10000 10000 10000 10000 10000 10000 10000 153 163 122 118 10000 10000 10000 10000 10000 10000 10000 12 16 270 278 20 47 60 66 70 74 102 124 143 163 111 195 216 230 234 260 110 126 36 126 57 46 121 136 153 10000 10000
10000 10000 10000 10000 10000 10000 10000 10000 10000 10000 10000 10000 163 173 33 29 10000 10000 10000 10000 10000 10000 10000 181 26 181 17 30 57 70 76 80 84 112 134 64 74 121 106 127 141 145 171 21 93 46 37 67 56 131 103 74 10000 10000
10000 10000 10000 10000 10000 10000 10000 10000 10000 10000 10000 10000 141 151 110 106 10000 10000 10000 10000 10000 10000 10000 10000 4 258 266 8 35 48 54 58 62 90 112 131 151 99 183 204 218 222 248 98 114 24 114 45 34 109 124 141 10000 10000
10000 10000 10000 10000 10000 10000 10000 10000 10000 10000 10000 10000 137 147 106 102 10000 10000 10000 10000 10000 10000 10000 155 10000 254 262 4 31 44 50 54 58 86 108 127 147 95 179 200 214 218 244 94 110 20 110 41 30 105 120 137 10000 10000
10000 10000 10000 10000 10000 10000 10000 10000 10000 10000 10000 10000 282 292 24 20 10000 10000 10000 10000 10000 10000 10000 300 304 10000 8 308 335 348 195 199 203 231 253 55 65 129 97 118 132 136 162 12 84 160 28 128 170 139 94 65 10000 10000
10000 10000 10000 10000 10000 10000 10000 10000 10000 10000 10000 10000 274 284 16 12 10000 10000 10000 10000 10000 10000 10000 292 296 164 10000 300 327 340 187 191 195 223 245 47 57 121 89 110 124 128 154 4 76 152 20 120 162 131 86 57 10000 10000
10000 10000 10000 10000 10000 10000 10000 10000 10000 10000 10000 10000 133 143 102 98 10000 10000 10000 10000 10000 10000 10000 151 155 250 258 10000 27 40 46 50 54 82 104 123 143 91 175 196 210 214 240 90 106 16 106 37 26 101 116 133 10000 10000
10000 10000 10000 10000 10000 10000 10000 10000 10000 10000 10000 10000 106 116 75 71 10000 10000 10000 10000 10000 10000 10000 124 128 223 231 132 10000 13 19 23 27 55 77 96 116 64 148 169 183 187 213 63 79 148 79 10 158 74 89 106 10000 10000
10000 10000 10000 10000 10000 10000 10000 10000 10000 10000 10000 10000 93 103 62 58 10000 10000 10000 10000 10000 10000 10000 111 115 210 218 119 146 10000 6 10 14 42 64 83 103 51 135 156 170 174 200 50 66 135 66 156 145 61 76 93 10000 10000
10000 10000 10000 10000 10000 10000 10000 10000 10000 10000 10000 10000 87 97 56 52 10000 10000 10000 10000 10000 10000 10000 105 109 204 212 113 140 153 10000 4 8 36 58 77 97 45 129 150 164 168 194 44 60 129 60 150 139 55 70 87 10000 10000
10000 10000 10000 10000 10000 10000 10000 10000 10000 10000 10000 10000 83 93 52 48 10000 10000 10000 10000 10000 10000 10000 101 105 200 208 109 136 149 155 10000 4 32 54 73 93 41 125 146 160 164 190 40 56 125 56 146 135 51 66 83 10000 10000
10000 10000 10000 10000 10000 10000 10000 10000 10000 10000 10000 10000 79 89 207 203 10000 10000 10000 10000 10000 10000 10000 97 101 355 363 105 132 145 151 155 10000 28 50 69 248 37 280 301 315 319 345 195 52 121 211 142 131 47 62 79 10000 10000
10000 10000 10000 10000 10000 10000 10000 10000 10000 10000 10000 10000 51 61 179 175 10000 10000 10000 10000 10000 10000 10000 69 73 327 335 77 104 117 123 127 131 10000 22 41 220 168 252 273 287 291 317 167 24 93 183 114 103 178 34 51 10000 10000
10000 10000 10000 10000 10000 10000 10000 10000 10000 10000 10000 10000 29 39 157 153 10000 10000 10000 10000 10000 10000 10000 47 51 305 313 55 82 95 101 105 109 137 10000 19 198 146 230 251 265 269 295 145 161 71 161 92 81 156 171 29 10000 10000
10000 10000 10000 10000 10000 10000 10000 10000 10000 10000 10000 10000 10000 10000 10000 10000 10000 10000 10000 10000 10000 10000 10000 10000 10000 10000 10000 10000 10000 10000 10000 10000 10000 10000 10000 10000 10000 10000 10000 10000 10000 10000 10000 10000 10000 10000 10000 10000 10000 10000 10000 10 10000 10000
10000 10000 10000 10000 10000 10000 10000 10000 10000 10000 10000 10000 217 227 131 127 10000 10000 10000 10000 10000 10000 10000 235 239 107 115 243 270 283 130 134 138 166 188 162 10000 64 32 53 67 71 97 119 19 95 135 63 105 74 29 172 10000 10000
10000 10000 10000 10000 10000 10000 10000 10000 10000 10000 10000 10000 10000 10000 10000 10000 10000 10000 10000 10000 10000 10000 10000 10000 10000 10000 10000 10000 10000 10000 10000 10000 10000 10000 10000 10000 10000 10000 10000 10000 10000 10000 10000 10000 10000 10000 10000 10000 10000 10 10000 10000 10000 10000
10000 10000 10000 10000 10000 10000 10000 10000 10000 10000 10000 10000 185 195 99 95 10000 10000 10000 10000 10000 10000 10000 203 207 75 83 211 238 251 98 102 106 134 156 130 140 32 10000 21 35 39 65 87 158 63 103 31 73 42 168 140 10000 10000
10000 10000 10000 10000 10000 10000 10000 10000 10000 10000 10000 10000 164 174 78 74 10000 10000 10000 10000 10000 10000 10000 182 186 54 62 190 217 230 77 81 85 113 135 109 119 122 151 10000 14 18 44 66 137 42 82 10 52 132 147 119 10000 10000
10000 10000 10000 10000 10000 10000 10000 10000 10000 10000 10000 10000 150 160 64 60 10000 10000 10000 10000 10000 10000 10000 168 172 40 48 176 203 216 63 67 71 99 121 95 105 108 137 158 10000 4 30 52 123 28 68 168 38 118 133 105 10000 10000
10000 10000 10000 10000 10000 10000 10000 10000 10000 10000 10000 10000 146 156 60 56 10000 10000 10000 10000 10000 10000 10000 164 168 36 44 172 199 212 59 63 67 95 117 91 101 104 133 154 168 10000 26 48 119 24 64 164 34 114 129 101 10000 10000
10000 10000 10000 10000 10000 10000 10000 10000 10000 10000 10000 10000 120 130 34 30 10000 10000 10000 10000 10000 10000 10000 138 142 10 18 146 173 186 33 37 41 69 91 65 75 78 107 128 142 146 10000 22 93 162 38 138 172 88 103 75 10000 10000
10000 10000 10000 10000 10000 10000 10000 10000 10000 10000 10000 10000 270 280 12 8 10000 10000 10000 10000 10000 10000 10000 288 292 160 168 296 323 336 183 187 191 219 241 43 53 117 85 106 120 124 150 10000 72 148 16 116 158 127 82 53 10000 10000
10000 10000 10000 10000 10000 10000 10000 10000 10000 10000 10000 10000 10000 10000 10000 10000 10000 10000 10000 10000 10000 10000 10000 10000 10000 10000 10000 10000 10000 10000 10000 10000 10000 10000 10000 10000 10000 10000 10000 10000 10000 10000 10000 10000 10000 10000 10000 10000 10000 10000 10 10000 10000 10000
10000 10000 10000 10000 10000 10000 10000 10000 10000 10000 10000 10000 10000 10000 10000 10000 10000 10000 10000 10000 10000 10000 10000 10000 10000 10000 10000 10000 10000 10000 10000 10000 10000 10000 10000 10000 10000 10000 10000 10000 10000 10000 10000 10000 10000 10000 10000 10000 10 10000 10000 10000 10000 10000
10000 10000 10000 10000 10000 10000 10000 10000 10000 10000 10000 10000 254 264 168 164 10000 10000 10000 10000 10000 10000 10000 272 276 144 152 280 307 320 167 171 175 203 225 27 37 101 69 90 104 108 134 156 56 132 10000 100 142 111 66 37 10000 10000
10000 10000 10000 10000 10000 10000 10000 10000 10000 10000 10000 10000 10000 10000 10000 10000 10000 10000 10000 10000 10000 10000 10000 10000 10000 10000 10000 10000 10000 10000 10000 10000 10000 10000 10000 10000 10000 10000 10000 10000 10000 10000 10000 10000 10000 10000 10000 10000 10000 10000 10000 10000 10000 10000
10000 10000 10000 10000 10000 10000 10000 10000 10000 10000 10000 10000 10000 10000 10000 10000 10000 10000 10000 10000 10000 10000 10000 10000 10000 10000 10000 10000 10000 10000 10000 10000 10000 10000 10000 10000 10000 10000 10000 10000 10000 10000 10000 10000 10000 10000 10000 10000 10000 10000 10000 10000 10000 10000
10000 10000 10000 10000 10000 10000 10000 10000 10000 10000 10000 10000 10000 10000 10000 10000 10000 10000 10000 10000 10000 10000 10000 10000 10000 10000 10000 10000 10000 10000 10000 10000 10000 10000 10000 10000 10000 10000 10000 10000 10000 10000 10000 10000 10000 10000 10000 10000 10000 10000 10000 10000 10000 10000
10000 10000 10000 10000 10000 10000 10000 10000 10000 10000 10000 10000 10000 10000 10000 10000 10000 10000 10000 10000 10000 10000 10000 10000 10000 10000 10000 10000 10000 10000 10000 10000 10000 10000 10000 10000 10000 10000 10000 10000 10000 10000 10000 10000 10000 10000 10000 10000 10000 10000 10000 10000 10000 10000
10000 10000 10000 10000 10000 10000 10000 10000 10000 10000 10000 10000 10000 10000 10000 10000 10000 10000 10000 10000 10000 10000 10000 10000 10000 10000 10000 10000 10000 10000 10000 10000 10000 10000 10000 10000 10000 10000 10000 10000 10000 10000 10000 10000 10000 10000 10000 10000 10000 10000 10000 10000 10000 10000
10000 10000 10000 10000 10000 10000 10000 10000 10000 10000 10000 10000 103 113 72 68 10000 10000 10000 10000 10000 10000 10000 121 125 50 58 129 156 10 16 20 24 52 74 93 113 61 145 166 10 14 40 60 76 38 76 166 48 71 86 103 10000 10000
10000 10000 10000 10000 10000 10000 10000 10000 10000 10000 17 10000 198 208 57 53 10000 10000 10000 10000 10 45 10000 57 61 205 213 65 92 105 111 115 119 147 169 88 98 156 130 151 165 169 195 155 117 81 61 102 91 166 127 98 10000 10000
0 6 8 2.5 
1 7 12 2.5 
2 9 9 2.5 
3 16 4 2.5 
4 17 9 2.5 
5 19 4 2.5 
6 8 7 2.5 
6 12 25 2.5 
7 8 4 2.5 
8 11 8 2.5 
9 7 7 2.5 
9 10 20 2.5 
10 15 36 2.5 
11 13 28 2.5 
11 14 32 2.5 
12 13 10 2.5 
13 23 8 2.5 
14 46 4 2.5 
15 14 4 2.5 
16 17 9 2.5 
16 21 57 2.5 
17 18 4 2.5 
18 22 21 2.5 
19 18 7 2.5 
19 25 35 2.5 
20 10 7 2.5 
20 21 35 2.5 
21 23 12 2.5 
22 24 26 2.5 
22 26 17 2.5 
23 24 4 2.5 
24 27 4 2.5 
25 26 8 2.5 
26 43 4 2.5 
27 28 27 2.5 
27 45 16 2.5 
28 29 13 2.5 
28 47 10 2.5 
29 30 6 2.5 
30 31 4 2.5 
31 32 4 2.5 
31 43 40 2.5
32 33 28 2.5 
32 37 37 2.5 
33 34 22 2.5 
33 44 24 2.5 
34 12 29 2.5 
34 35 19 2.5 
35 51 10 2.5 
36 38 32 2.5 
36 44 19 2.5 
37 49 290 2.5 
38 37 32 2.5 
38 39 21 2.5 
39 40 14 2.5 
39 47 10 2.5 
40 41 4 2.5 
41 42 26 2.5 
41 45 24 2.5 
42 25 10 2.5 
42 30 33 2.5 
43 15 8 2.5 
44 50 370 2.5 
45 48 450 2.5 
46 35 27 2.5 
46 36 37 2.5 
52 29 10 2.5 
52 40 10 2.5 
53 20 10 2.5 