0 16
32 32 0 9
33 33 10 9
0 0 0 9 5 8 14.0
1 1 10 9 6 7 14.0
2 2 0 9 5 8 15.0
3 3 10 9 6 7 15.0
4 4 0 9 5 8 16.0
5 5 10 9 6 7 16.0
6 6 0 9 3 5 12.0
7 7 10 9 4 6 12.0
8 8 0 9 3 5 13.0
9 9 10 9 4 6 13.0
10 10 0 9 3 5 14.0
11 11 10 9 4 6 14.0
12 12 0 9 3 5 15.0
13 13 10 9 4 6 15.0
14 14 0 9 3 5 16.0
15 15 10 9 4 6 16.0
16 16 0 9 1 3 12.0
17 17 10 9 2 4 12.0
18 18 0 9 1 3 13.0
19 19 10 9 2 4 13.0
20 20 0 9 1 3 14.0
21 21 10 9 2 4 14.0
22 22 0 9 1 3 15.0
23 23 10 9 2 4 15.0
24 24 0 9 1 3 16.0
25 25 10 9 2 4 16.0
26 26 0 9 0 1 13.0
27 27 10 9 10 2 13.0
28 28 0 9 0 1 14.0
29 29 10 9 10 2 14.0
30 30 0 9 0 1 15.0
31 31 10 9 10 2 15.0
