0 22
44 44 0 9
45 45 10 9
0 0 0 9 8 9 19.0
1 1 10 9 7 9 19.0
2 2 0 9 8 9 20.0
3 3 10 9 7 9 20.0
4 4 0 9 8 9 21.0
5 5 10 9 7 9 21.0
6 6 0 9 8 9 22.0
7 7 10 9 7 9 22.0
8 8 0 9 5 8 18.0
9 9 10 9 6 7 18.0
10 10 0 9 5 8 19.0
11 11 10 9 6 7 19.0
12 12 0 9 5 8 20.0
13 13 10 9 6 7 20.0
14 14 0 9 5 8 21.0
15 15 10 9 6 7 21.0
16 16 0 9 5 8 22.0
17 17 10 9 6 7 22.0
18 18 0 9 3 5 18.0
19 19 10 9 4 6 18.0
20 20 0 9 3 5 19.0
21 21 10 9 4 6 19.0
22 22 0 9 3 5 20.0
23 23 10 9 4 6 20.0
24 24 0 9 3 5 21.0
25 25 10 9 4 6 21.0
26 26 0 9 3 5 22.0
27 27 10 9 4 6 22.0
28 28 0 9 1 3 18.0
29 29 10 9 2 4 18.0
30 30 0 9 1 3 19.0
31 31 10 9 2 4 19.0
32 32 0 9 1 3 20.0
33 33 10 9 2 4 20.0
34 34 0 9 1 3 21.0
35 35 10 9 2 4 21.0
36 36 0 9 1 3 22.0
37 37 10 9 2 4 22.0
38 38 0 9 0 1 19.0
39 39 10 9 10 2 19.0
40 40 0 9 0 1 20.0
41 41 10 9 10 2 20.0
42 42 0 9 0 1 21.0
43 43 10 9 10 2 21.0
