0 25
50 50 0 9
51 51 10 9
2 2 0 9 9 9 25
3 3 10 9 9 9 25
4 4 0 9 8 9 21.0
5 5 10 9 7 9 21.0
6 6 0 9 8 9 22.0
7 7 10 9 7 9 22.0
8 8 0 9 8 9 23.0
9 9 10 9 7 9 23.0
10 10 0 9 8 9 24.0
11 11 10 9 7 9 24.0
12 12 0 9 8 9 25.0
13 13 10 9 7 9 25.0
14 14 0 9 5 8 21.0
15 15 10 9 6 7 21.0
16 16 0 9 5 8 22.0
17 17 10 9 6 7 22.0
18 18 0 9 5 8 23.0
19 19 10 9 6 7 23.0
20 20 0 9 5 8 24.0
21 21 10 9 6 7 24.0
22 22 0 9 5 8 25.0
23 23 10 9 6 7 25.0
24 24 0 9 3 5 21.0
25 25 10 9 4 6 21.0
26 26 0 9 3 5 22.0
27 27 10 9 4 6 22.0
28 28 0 9 3 5 23.0
29 29 10 9 4 6 23.0
30 30 0 9 3 5 24.0
31 31 10 9 4 6 24.0
32 32 0 9 3 5 25.0
33 33 10 9 4 6 25.0
34 34 0 9 1 3 21.0
35 35 10 9 2 4 21.0
36 36 0 9 1 3 22.0
37 37 10 9 2 4 22.0
38 38 0 9 1 3 23.0
39 39 10 9 2 4 23.0
40 40 0 9 1 3 24.0
41 41 10 9 2 4 24.0
42 42 0 9 1 3 25.0
43 43 10 9 2 4 25.0
44 44 0 9 0 1 22.0
45 45 10 9 10 2 22.0
46 46 0 9 0 1 23.0
47 47 10 9 10 2 23.0
48 48 0 9 0 1 24.0
49 49 10 9 10 2 24.0
