11 1.0 1.0 4.0
0 1 0 10 20 1 
1 0 1 10 10 2 3 
2 0 1 10 0 4 
3 0 1 20 10 5 
4 0 1 20 0 3 6 
5 0 1 30 10 6 8 
6 0 1 30 0 7 
7 0 1 40 10 9 
8 0 1 40 0 9 
9 2 0 48 5
10 1 0 0 0 2 
1000 4 9 9 14 14 19 24 19 24 1000 
1000 1000 4 4 9 9 14 19 14 19 1000 
1000 1000 1000 9 4 14 9 14 19 19 1000 
1000 1000 1000 1000 1000 4 9 14 9 14 1000 
1000 1000 1000 4 1000 9 4 9 14 14 1000 
1000 1000 1000 1000 1000 1000 4 9 4 9 1000 
1000 1000 1000 1000 1000 1000 1000 4 1000 9 1000 
1000 1000 1000 1000 1000 1000 1000 1000 1000 4 1000 
1000 1000 1000 1000 1000 1000 1000 1000 1000 4 1000 
1000 1000 1000 1000 1000 1000 1000 1000 1000 1000 1000 
1000 1000 4 9 14 19 14 19 24 24 
0 1 10 2.5 
1 2 10 2.5 
1 3 10 2.5 
2 4 10 2.5 
3 5 10 2.5 
4 3 10 2.5 
4 6 10 2.5 
5 6 10 2.5 
5 8 10 2.5 
6 7 10 2.5 
7 9 10 2.5 
8 9 10 2.5 
10 2 10 2.5 