0 30
60 60 0 9
61 61 10 9
12 12 0 9 9 9 30
13 13 10 9 9 9 30
14 14 0 9 8 9 26.0
15 15 10 9 7 9 26.0
16 16 0 9 8 9 27.0
17 17 10 9 7 9 27.0
18 18 0 9 8 9 28.0
19 19 10 9 7 9 28.0
20 20 0 9 8 9 29.0
21 21 10 9 7 9 29.0
22 22 0 9 8 9 30.0
23 23 10 9 7 9 30.0
24 24 0 9 5 8 26.0
25 25 10 9 6 7 26.0
26 26 0 9 5 8 27.0
27 27 10 9 6 7 27.0
28 28 0 9 5 8 28.0
29 29 10 9 6 7 28.0
30 30 0 9 5 8 29.0
31 31 10 9 6 7 29.0
32 32 0 9 5 8 30.0
33 33 10 9 6 7 30.0
34 34 0 9 3 5 26.0
35 35 10 9 4 6 26.0
36 36 0 9 3 5 27.0
37 37 10 9 4 6 27.0
38 38 0 9 3 5 28.0
39 39 10 9 4 6 28.0
40 40 0 9 3 5 29.0
41 41 10 9 4 6 29.0
42 42 0 9 3 5 30.0
43 43 10 9 4 6 30.0
44 44 0 9 1 3 26.0
45 45 10 9 2 4 26.0
46 46 0 9 1 3 27.0
47 47 10 9 2 4 27.0
48 48 0 9 1 3 28.0
49 49 10 9 2 4 28.0
50 50 0 9 1 3 29.0
51 51 10 9 2 4 29.0
52 52 0 9 1 3 30.0
53 53 10 9 2 4 30.0
54 54 0 9 0 1 27.0
55 55 10 9 10 2 27.0
56 56 0 9 0 1 28.0
57 57 10 9 10 2 28.0
58 58 0 9 0 1 29.0
59 59 10 9 10 2 29.0
